110001
110002
110003
110004
110005
110006
110007
110008
110009
110010
110011
110012
110013
110014
110015
110016
110017
110018
110019
110020
110021
110022
110023
110024
110025
110026
110027
110028
110029
110030
110031
110032
110033
110034
110035
110036
110037
110038
110039
110040
110041
110042
110043
110044
110045
110046
110047
110048
110049
110051
110052
110053
110054
110055
110056
110057
110058
110059
110060
110061
110062
110063
110064
110065
110066
110067
110068
110069
110070
110071
110072
110073
110074
110075
110076
110077
110078
110080
110081
110082
110083
110084
110085
110086
110087
110088
110089
110090
110091
110092
110093
110094
110095
110096
110097
110099
364515
364521
364522
364525
364530
365220
365410
365421
365430
365435
365440
365450
365456
365460
365480
365535
365540
365550
365555
365560
365601
365610
365620
365630
365635
365640
365645
365650
365730
380001
380002
380003
380004
380005
380006
380007
380008
380009
380013
380014
380015
380016
380018
380019
380021
380022
380023
380024
380026
380027
380028
380049
380050
380051
380052
380054
380055
380058
380059
380060
380061
380063
382006
382007
382010
382016
382021
382024
382028
382030
382041
382042
382045
382110
382115
382120
382130
382140
382145
382150
382170
382210
382213
382220
382225
382230
382240
382245
382250
382255
382260
382265
382305
382308
382315
382320
382321
382330
382340
382345
382350
382355
382405
382415
382418
382421
382422
382423
382424
382425
382426
382427
382428
382430
382433
382435
382443
382445
382449
382450
382455
382460
382463
382465
382470
382475
382480
382481
382610
382620
382630
382640
382650
382721
382722
382725
382728
382729
382735
382740
382810
382815
382835
382845
382855
383001
383006
383010
383030
383110
383120
383205
383210
383215
383220
383225
383230
383235
383240
383245
383246
383250
383251
383255
383260
383270
383275
383276
383305
383307
383310
383315
383316
383317
383320
383325
383330
383335
383340
383345
383350
383355
383410
383421
383422
383430
383434
383440
383450
383460
383462
384001
384002
384003
384012
384110
384120
384130
384135
384140
384151
384160
384170
384205
384220
384221
384225
384229
384230
384240
384241
384245
384246
384255
384260
384265
384266
384272
384275
384285
384290
384305
384310
384315
384320
384325
384330
384335
384340
384345
384355
384360
384410
384412
384415
384421
384430
384435
384440
384441
384445
384450
384455
384460
384465
384470
384515
384520
384530
384540
384550
384560
384565
384570
385001
385010
385110
385120
385130
385135
385210
385310
385320
385330
385340
385350
385360
385410
385421
385505
385506
385510
385515
385520
385530
385535
385540
385545
385550
385555
385560
385565
385566
385570
385575
490001
490006
490009
490011
490020
490021
490022
490023
490024
490025
490026
490036
490042
491001
491107
491111
491221
491222
491223
491225
491226
491227
491228
491229
491230
491331
491332
491335
491336
491337
491338
491340
491441
491444
491445
491557
491558
491559
491661
491665
491666
491668
491771
491881
491885
491888
491993
491995
491996
492001
492002
492003
492004
492005
492008
492009
492010
492012
492013
492014
492015
492016
492017
492018
492099
492101
492109
492112
493101
493111
493113
493114
493116
493118
493195
493196
493221
493222
493225
493228
493229
493331
493332
493335
493338
493344
493441
493445
493448
493449
493526
493551
493554
493555
493558
493559
493661
493662
493663
493770
493773
493776
493778
493881
493885
493887
493888
493889
493890
493891
493992
493996
494001
494010
494111
494114
494115
494122
494221
494222
494223
494224
494226
494228
494229
494230
494237
494331
494333
494334
494335
494336
494337
494347
494441
494442
494444
494446
494447
494448
494449
494450
494551
494552
494553
494556
494635
494661
494665
494669
494670
494771
494776
494777
495001
495003
495004
495006
495009
495112
495113
495115
495116
495117
495118
495119
495220
495222
495224
495330
495334
495335
495442
495444
495445
495446
495447
495448
495449
495450
495452
495454
495455
495550
495551
495552
495553
495554
495555
495556
495557
495559
495660
495661
495663
495668
495669
495671
495674
495677
495682
495683
495684
495686
495687
495688
495689
495690
495691
495692
495695
496001
496005
496100
496107
496108
496109
496111
496113
496115
496116
496118
496220
496223
496224
496225
496227
496242
496245
496330
496331
496334
496336
496338
496440
496445
496450
496551
496554
496661
496665
497001
497101
497111
497114
497116
497117
497118
497119
497220
497223
497224
497225
497226
497229
497231
497235
497331
497333
497335
497339
497442
497446
497447
497448
497449
497450
497451
497553
497555
497557
497559
497773
497778
503145
503188
503225
503230
503235
503321
504214
504215
504346
505187
505325
505503
505525
506003
509132
509324
515001
515002
515003
515004
515005
515101
515110
515122
515123
515124
515133
515134
515144
515154
515159
515164
515201
515202
515211
515212
515231
515241
515261
515271
515281
515286
515291
515301
515303
515305
515311
515321
515331
515341
515401
515402
515405
515408
515411
515413
515414
515415
515425
515435
515445
515455
515465
515501
515511
515521
515531
515541
515551
515556
515561
515571
515581
515591
515601
515611
515621
515631
515641
515651
515661
515671
515672
515701
515711
515721
515722
515731
515741
515751
515761
515763
515765
515766
515767
515774
515775
515787
515801
515803
515812
515822
515832
515842
515863
515865
515867
515870
515871
515872
516001
516002
516003
516004
516005
516101
516104
516105
516107
516108
516110
516115
516126
516127
516128
516129
516130
516150
516151
516152
516162
516163
516172
516173
516175
516193
516203
516213
516214
516215
516216
516217
516218
516227
516228
516233
516237
516247
516257
516259
516267
516268
516269
516270
516289
516293
516309
516310
516311
516312
516321
516329
516330
516339
516349
516350
516355
516356
516359
516360
516361
516362
516380
516390
516391
516396
516401
516411
516421
516431
516432
516433
516434
516439
516444
516454
516464
516474
516484
516501
516502
516503
516504
516505
517001
517002
517004
517101
517102
517112
517113
517123
517124
517125
517126
517127
517128
517129
517130
517131
517132
517152
517167
517172
517192
517193
517194
517213
517214
517234
517235
517236
517237
517247
517257
517277
517280
517291
517297
517299
517305
517319
517325
517326
517350
517351
517352
517370
517390
517391
517401
517403
517408
517414
517415
517416
517417
517418
517419
517421
517422
517423
517424
517425
517426
517429
517432
517501
517502
517503
517504
517505
517506
517507
517520
517526
517536
517541
517551
517561
517569
517571
517581
517582
517583
517584
517586
517587
517588
517589
517590
517591
517592
517599
517619
517620
517640
517641
517642
517643
517644
517645
517646
518001
518002
518003
518004
518005
518006
518007
518010
518101
518102
518112
518122
518123
518124
518134
518135
518145
518155
518165
518166
518176
518186
518196
518206
518216
518217
518218
518220
518221
518222
518225
518301
518302
518308
518313
518323
518333
518343
518344
518345
518346
518347
518348
518349
518350
518360
518380
518385
518390
518395
518396
518401
518405
518411
518412
518422
518432
518442
518452
518462
518463
518464
518465
518466
518467
518468
518501
518502
518508
518510
518511
518512
518513
518523
518533
518543
518553
518563
518573
518583
518593
518594
518598
518599
518674
520001
520002
520003
520004
520007
520008
520010
520011
520012
520013
520015
521001
521002
521003
521101
521102
521104
521105
521106
521107
521108
521109
521110
521111
521120
521121
521122
521125
521126
521130
521131
521132
521133
521134
521135
521136
521137
521138
521139
521148
521149
521150
521151
521153
521156
521157
521158
521162
521163
521164
521165
521170
521175
521178
521180
521181
521182
521183
521184
521185
521190
521201
521202
521207
521211
521212
521213
521214
521215
521225
521226
521227
521228
521229
521230
521231
521235
521241
521245
521246
521247
521250
521256
521260
521261
521263
521286
521301
521311
521312
521321
521322
521323
521324
521325
521326
521327
521328
521329
521330
521331
521332
521333
521340
521343
521344
521345
521356
521366
521369
521390
521401
521402
521403
521456
521457
522001
522002
522003
522004
522005
522006
522007
522009
522015
522016
522017
522018
522019
522020
522034
522101
522102
522111
522112
522113
522124
522201
522202
522211
522212
522213
522233
522234
522235
522236
522237
522238
522256
522257
522258
522259
522261
522262
522264
522265
522268
522301
522302
522303
522304
522305
522306
522307
522308
522309
522310
522311
522312
522313
522314
522315
522316
522317
522318
522324
522325
522329
522330
522341
522401
522402
522403
522408
522409
522410
522411
522412
522413
522414
522415
522421
522426
522435
522436
522437
522438
522439
522501
522502
522503
522508
522509
522510
522529
522549
522601
522603
522611
522612
522613
522614
522615
522616
522617
522619
522626
522646
522647
522649
522657
522658
522659
522660
522661
522663
523001
523002
523101
523104
523105
523108
523109
523110
523111
523112
523113
523114
523115
523116
523117
523135
523155
523156
523157
523165
523166
523167
523168
523169
523170
523171
523180
523181
523182
523183
523184
523185
523186
523187
523190
523201
523211
523212
523213
523214
523223
523224
523225
523226
523227
523228
523230
523240
523241
523245
523246
523247
523252
523253
523254
523260
523261
523262
523263
523264
523265
523270
523271
523272
523273
523274
523279
523280
523281
523286
523291
523292
523301
523302
523303
523304
523305
523315
523316
523320
523326
523327
523328
523329
523330
523331
523332
523333
523334
523335
523336
523346
523356
523357
523367
523368
523369
523370
523371
523372
523373
524001
524002
524003
524004
524005
524101
524121
524123
524124
524126
524127
524129
524131
524132
524134
524137
524142
524152
524201
524203
524221
524222
524223
524224
524225
524226
524227
524228
524230
524234
524236
524239
524240
524301
524302
524303
524304
524305
524306
524307
524308
524309
524310
524311
524312
524313
524314
524315
524316
524317
524318
524319
524320
524321
524322
524323
524341
524342
524343
524344
524345
524346
524347
524366
524401
524402
524403
524404
524405
524406
524407
524408
524409
524410
524411
524412
524413
524414
524415
524421
530001
530002
530003
530004
530005
530007
530008
530009
530011
530012
530013
530014
530015
530016
530017
530018
530020
530022
530024
530026
530027
530028
530029
530031
530032
530035
530040
530041
530043
530044
530045
530046
530047
530048
530049
530051
530052
530053
531001
531002
531011
531019
531020
531021
531022
531023
531024
531025
531026
531027
531028
531029
531030
531031
531032
531033
531034
531035
531036
531040
531055
531060
531061
531075
531077
531081
531082
531083
531084
531085
531087
531105
531111
531113
531114
531115
531116
531117
531118
531126
531127
531133
531149
531151
531162
531163
531173
531219
532001
532005
532122
532123
532127
532148
532168
532185
532186
532190
532195
532201
532203
532211
532212
532213
532214
532215
532216
532218
532219
532220
532221
532222
532242
532243
532263
532264
532284
532290
532291
532292
532312
532322
532401
532402
532403
532404
532405
532406
532407
532408
532409
532410
532421
532425
532426
532427
532428
532429
532430
532432
532440
532443
532445
532455
532456
532457
532458
532459
532460
532461
532462
532474
532484
533001
533002
533003
533004
533005
533006
533016
533101
533102
533103
533104
533105
533106
533107
533124
533125
533126
533201
533210
533211
533212
533213
533214
533215
533216
533217
533218
533220
533221
533222
533223
533228
533229
533232
533233
533234
533235
533236
533237
533238
533239
533240
533241
533242
533244
533247
533248
533249
533250
533251
533252
533253
533254
533255
533256
533260
533261
533262
533263
533264
533274
533284
533285
533286
533287
533288
533289
533290
533291
533292
533293
533294
533295
533296
533297
533305
533306
533307
533308
533309
533339
533340
533341
533342
533343
533344
533345
533346
533347
533348
533349
533350
533351
533352
533401
533406
533407
533408
533428
533429
533430
533431
533432
533433
533434
533435
533436
533437
533440
533444
533445
533446
533447
533448
533449
533450
533461
533462
533463
533464
533468
533483
533577
534001
534002
534003
534004
534005
534006
534007
534101
534102
534111
534112
534122
534123
534124
534126
534134
534145
534146
534156
534165
534166
534176
534186
534195
534196
534197
534198
534199
534201
534202
534204
534206
534207
534208
534209
534210
534211
534215
534216
534217
534218
534222
534225
534227
534230
534235
534236
534237
534238
534239
534240
534243
534244
534245
534247
534250
534260
534265
534266
534267
534268
534269
534275
534280
534281
534301
534302
534305
534311
534312
534313
534315
534316
534318
534320
534324
534326
534327
534328
534329
534330
534331
534338
534340
534341
534342
534350
534401
534406
534411
534416
534425
534426
534427
534432
534435
534437
534442
534444
534447
534448
534449
534450
534451
534452
534455
534456
534460
534461
534462
534467
534475
535001
535002
535003
535004
535005
535006
535101
535102
535124
535125
535126
535128
535145
535148
535160
535161
535183
535204
535213
535214
535215
535216
535217
535218
535220
535221
535240
535250
535260
535270
535273
535280
535281
535463
535501
535502
535521
535522
535523
535524
535525
535526
535527
535534
535546
535547
535557
535558
535559
535568
535573
535578
535579
535580
535581
535591
535592
535593
535594
781001
781002
781003
781004
781005
781006
781007
781008
781009
781010
781011
781012
781013
781014
781015
781016
781017
781018
781019
781020
781021
781022
781023
781024
781025
781026
781027
781028
781029
781030
781031
781032
781034
781035
781036
781037
781038
781039
781040
781101
781102
781103
781104
781120
781121
781122
781123
781124
781125
781126
781127
781128
781129
781131
781132
781133
781134
781135
781136
781137
781138
781141
781150
781171
781301
781302
781303
781304
781305
781306
781307
781308
781309
781310
781311
781312
781313
781314
781315
781316
781317
781318
781319
781321
781325
781326
781327
781328
781329
781330
781333
781334
781335
781337
781338
781339
781340
781341
781343
781344
781346
781347
781348
781349
781350
781351
781352
781353
781354
781355
781360
781364
781365
781366
781367
781368
781369
781370
781371
781372
781373
781374
781375
781376
781377
781378
781380
781381
781382
782001
782002
782003
782101
782102
782103
782104
782105
782106
782120
782121
782122
782123
782124
782125
782126
782127
782128
782135
782136
782137
782138
782139
782140
782141
782142
782143
782144
782401
782402
782403
782410
782411
782412
782413
782425
782426
782427
782428
782429
782435
782439
782440
782441
782442
782445
782446
782447
782448
782450
782460
782461
782462
782470
782480
782481
782482
782485
782486
782490
783101
783120
783122
783123
783124
783125
783126
783127
783128
783129
783130
783131
783132
783133
783134
783135
783301
783323
783324
783325
783330
783331
783332
783333
783334
783335
783336
783337
783339
783345
783346
783347
783348
783349
783350
783354
783360
783361
783369
783370
783371
783372
783373
783375
783376
783380
783381
783382
783383
783384
783385
783388
783389
783390
783391
783392
783393
783394
784001
784010
784025
784026
784027
784028
784101
784102
784103
784104
784105
784110
784111
784112
784113
784114
784115
784116
784117
784125
784144
784145
784146
784147
784148
784149
784150
784153
784154
784160
784161
784163
784164
784165
784166
784167
784168
784169
784170
784171
784172
784173
784174
784175
784176
784177
784178
784179
784180
784182
784184
784189
784190
784501
784502
784504
784505
784506
784507
784508
784509
784510
784513
784514
784521
784522
784523
784524
784525
784526
784527
784528
784529
785001
785004
785006
785007
785008
785009
785010
785013
785014
785015
785101
785102
785104
785105
785106
785107
785108
785110
785111
785112
785601
785602
785603
785609
785610
785611
785612
785613
785614
785615
785616
785618
785619
785621
785622
785625
785626
785630
785631
785632
785633
785634
785635
785636
785640
785661
785662
785663
785664
785665
785666
785667
785669
785670
785671
785672
785673
785674
785675
785676
785680
785681
785682
785683
785684
785685
785686
785687
785688
785689
785690
785691
785692
785693
785696
785697
785698
785699
785700
785701
785702
785703
785704
785705
786001
786002
786003
786004
786005
786006
786007
786008
786010
786012
786101
786102
786103
786125
786126
786145
786146
786147
786148
786150
786151
786152
786153
786154
786155
786156
786157
786158
786159
786160
786170
786171
786173
786174
786179
786181
786182
786183
786184
786187
786188
786189
786190
786191
786192
786601
786602
786610
786611
786612
786613
786614
786621
786622
786623
786692
787001
787023
787026
787031
787032
787033
787034
787035
787051
787052
787053
787054
787055
787056
787057
787058
787059
787060
787061
787110
788001
788002
788003
788004
788005
788006
788007
788009
788010
788011
788013
788014
788015
788025
788026
788030
788031
788098
788099
788101
788102
788103
788104
788106
788107
788108
788109
788110
788111
788112
788113
788114
788115
788116
788117
788118
788119
788120
788121
788123
788126
788127
788150
788151
788152
788155
788156
788160
788161
788162
788163
788164
788165
788166
788168
788701
788709
788710
788711
788712
788713
788719
788720
788722
788723
788724
788725
788726
788727
788728
788733
788734
788735
788736
788737
788781
788801
788802
788803
788804
788805
788806
788815
788816
788817
788818
788819
788820
788830
788831
788832
788931
800001
800002
800003
800004
800005
800006
800007
800008
800009
800010
800011
800012
800013
800014
800015
800016
800017
800018
800019
800020
800021
800022
800023
800024
800025
800026
800027
800028
800030
801102
801103
801104
801105
801106
801108
801109
801110
801111
801112
801113
801301
801302
801303
801304
801305
801306
801307
801503
801505
801506
801507
802101
802102
802103
802111
802112
802113
802114
802115
802116
802117
802118
802119
802120
802122
802123
802125
802126
802127
802128
802129
802130
802131
802132
802133
802134
802135
802136
802152
802154
802155
802156
802157
802158
802159
802160
802161
802162
802163
802164
802165
802166
802183
802201
802202
802203
802204
802205
802206
802207
802208
802209
802210
802211
802212
802213
802214
802215
802216
802217
802218
802219
802220
802221
802222
802223
802226
802301
802302
802311
802312
802313
802314
802316
802351
802352
803101
803107
803108
803109
803110
803111
803113
803114
803115
803116
803117
803118
803119
803120
803121
803201
803202
803203
803211
803212
803213
803214
803215
803216
803221
803301
803302
803303
803306
803307
804401
804402
804403
804404
804405
804406
804407
804408
804417
804418
804419
804420
804421
804422
804423
804424
804425
804426
804427
804428
804429
804432
804435
804451
804452
804453
804454
805101
805102
805103
805104
805105
805106
805107
805108
805109
805110
805111
805112
805113
805121
805122
805123
805124
805125
805126
805127
805128
805129
805130
805131
805132
811101
811102
811103
811104
811105
811106
811107
811112
811201
811202
811211
811212
811213
811214
811301
811302
811303
811304
811305
811307
811308
811309
811310
811311
811312
811313
811314
811315
811316
811317
812001
812002
812003
812004
812005
812006
812007
813101
813102
813103
813104
813105
813106
813107
813108
813109
813110
813201
813202
813203
813204
813205
813206
813207
813209
813210
813211
813212
813213
813214
813221
813222
814131
821101
821102
821103
821104
821105
821106
821107
821108
821109
821110
821111
821112
821113
821115
821301
821302
821303
821304
821305
821306
821307
821308
821309
821310
821311
821312
823001
823002
823003
823004
823005
823311
824101
824102
824103
824111
824112
824113
824114
824115
824116
824118
824120
824121
824122
824123
824124
824125
824127
824129
824143
824201
824202
824203
824205
824206
824207
824208
824209
824210
824211
824217
824219
824220
824221
824231
824232
824233
824234
824235
824236
824237
824301
824302
824303
841101
841201
841202
841203
841204
841205
841206
841207
841208
841209
841210
841211
841212
841213
841214
841215
841216
841217
841218
841219
841220
841221
841222
841223
841224
841225
841226
841227
841231
841232
841233
841234
841235
841236
841237
841238
841239
841240
841241
841242
841243
841244
841245
841286
841287
841301
841302
841305
841311
841312
841313
841316
841401
841402
841403
841404
841405
841406
841407
841408
841409
841410
841411
841412
841413
841414
841415
841416
841417
841418
841419
841420
841421
841422
841423
841424
841425
841426
841427
841428
841434
841435
841436
841437
841438
841439
841440
841441
841442
841443
841446
841460
841501
841502
841503
841504
841505
841506
841507
841508
841509
842001
842002
842003
842004
842005
842006
843101
843102
843103
843104
843105
843106
843107
843108
843109
843110
843111
843112
843113
843114
843115
843116
843117
843118
843119
843120
843121
843122
843123
843124
843125
843126
843127
843128
843129
843130
843131
843301
843302
843311
843312
843313
843314
843315
843316
843317
843318
843319
843320
843321
843322
843323
843324
843325
843326
843327
843328
843329
843330
843331
843332
843333
843334
843335
843360
844101
844102
844103
844111
844112
844113
844114
844115
844116
844117
844118
844119
844120
844121
844122
844123
844124
844125
844126
844127
844128
844501
844502
844503
844504
844505
844506
844507
844508
844509
845101
845103
845104
845105
845106
845107
845301
845302
845303
845304
845305
845306
845307
845315
845401
845404
845406
845411
845412
845413
845414
845415
845416
845417
845418
845419
845420
845422
845423
845424
845425
845426
845427
845428
845429
845430
845431
845432
845433
845434
845435
845436
845437
845438
845440
845449
845450
845451
845452
845453
845454
845455
845456
845457
845458
845459
846001
846002
846003
846004
846005
846006
846007
846008
846009
847101
847102
847103
847104
847105
847106
847107
847108
847109
847115
847121
847122
847123
847201
847202
847203
847204
847211
847212
847213
847214
847215
847222
847223
847224
847225
847226
847227
847228
847229
847230
847231
847232
847233
847234
847235
847236
847237
847238
847239
847240
847301
847302
847303
847304
847305
847306
847307
847308
847337
847401
847402
847403
847404
847405
847407
847408
847409
847410
847411
847421
847422
847423
847424
847427
847428
847429
847451
847452
848101
848102
848113
848114
848115
848117
848121
848122
848125
848127
848129
848130
848131
848132
848133
848134
848160
848201
848202
848203
848204
848205
848206
848207
848208
848209
848210
848211
848213
848216
848236
848301
848302
848501
848502
848503
848504
848505
848506
851101
851111
851112
851113
851114
851115
851116
851117
851118
851120
851126
851127
851128
851129
851130
851131
851132
851133
851134
851135
851201
851202
851203
851204
851205
851206
851210
851211
851212
851213
851214
851215
851216
851217
851218
852101
852105
852106
852107
852108
852109
852110
852111
852112
852113
852114
852115
852116
852121
852122
852123
852124
852125
852126
852127
852128
852129
852130
852131
852132
852133
852137
852138
852139
852161
852201
852202
852212
852213
852214
852215
852216
852217
852218
852219
852220
852221
853201
853202
853203
853204
853205
854101
854102
854103
854104
854105
854106
854107
854108
854109
854112
854113
854114
854115
854116
854117
854201
854202
854203
854204
854205
854301
854302
854303
854304
854305
854306
854311
854312
854315
854316
854317
854318
854325
854326
854327
854328
854329
854330
854331
854332
854333
854334
854335
854336
854337
854338
854339
854340
855101
855102
855105
855106
855107
855108
855113
855114
855115
855116
855117